SS20- 3a mag compass orientation (IGRF corrected)
   44.1  65.3  21.0  92.0  17.8  1.0
NRM    309.7  60.1 275.7  66.7 3.89E-04 002.0 296.9  76.0 17.03001 9.088074 4.920161 hargrave 2016-02-18 11:30:02 
LN2    315.8  42.7 299.5  53.3 3.17E-04 001.6 328.7  61.8 10.10868 6.865216 5.233622 hargrave 2016-02-21 12:31:29 
TT 100 314.4  38.7 300.3  49.2 2.87E-04 002.4 328.6  57.7 11.25879 12.65398 4.395652 hargrave 2016-02-22 19:48:24 
TT 200 312.2  25.6 303.5  36.1 2.28E-04 002.0 330.2  44.5 5.473187 10.01421 2.282920 hargrave 2016-02-23 19:35:44 
TT 300 309.6  23.2 301.6  33.1 2.08E-04 001.4 327.8  41.6 3.052302 6.735208 1.965748 hargrave 2016-02-27 17:44:46 
TT 325 307.7  20.8 300.4  30.4 2.03E-04 001.7 326.1  39.0 5.691250 5.906303 2.578711 hargrave 2016-02-29 19:14:06 
TT 350 308.3  20.4 301.2  30.1 1.93E-04 001.5 327.0  38.6 3.133785 6.716873 1.950855 hargrave 2016-03-01 17:43:28 
TT 375 307.8  19.0 301.1  28.6 1.92E-04 001.9 326.7  37.2 5.762383 7.096582 2.412667 hargrave 2016-03-07 17:38:43 
TT 400 309.7  18.5 303.3  28.6 1.79E-04 001.1 329.1  37.0 1.857355 4.579494 2.030226 hargrave 2016-03-08 13:39:10 
TT 425 308.4  18.1 302.0  27.9 1.69E-04 002.1 327.7  36.4 3.727915 8.069808 1.796622 hargrave 2016-03-14 10:55:40 
TT 450 308.1  16.8 302.1  26.6 1.55E-04 001.1 327.7  35.1 1.531132 3.696816 1.737153 hargrave 2016-03-14 18:57:03 
TT 475 309.9  15.3 304.5  25.6 1.38E-04 002.7 330.1  34.0 3.968993 8.245920 1.593519 hargrave 2016-03-15 14:38:00 
TT 500 309.2  15.4 303.7  25.5 1.22E-04 000.9 329.2  33.9 1.250657 2.371868 1.289757 hargrave 2016-03-25 13:24:36 
TT 515 311.5  16.4 305.8  27.0 1.06E-04 001.3 331.7  35.3 1.222514 3.000422 1.296359 hargrave 2016-03-27 12:45:23 
TT 530 308.1  14.6 302.8  24.5 8.49E-05 001.2 328.2  32.9 0.967378 2.265061 1.060576 hargrave 2016-03-28 09:40:12 
TT 540 313.0  14.1 308.0  25.3 5.86E-05 001.0 333.9  33.3 0.895247 1.223508 0.733008 hargrave 2016-03-28 19:02:23 
TT 550 309.0  23.4 300.9  33.2 3.40E-05 002.0 327.0  41.7 0.580965 1.717172 0.477454 hargrave 2016-03-29 16:05:14 
TT 560 310.6  24.7 302.1  34.8 2.09E-05 001.7 328.6  43.3 0.772757 0.419226 0.352895 hargrave 2016-03-30 13:21:53 
TT 570 313.5  12.8 308.8  24.1 1.44E-05 002.8 334.6  32.1 0.302218 0.947320 0.357234 hargrave 2016-04-04 14:58:56 
TT 575 335.0 -08.2 335.1  07.7 1.10E-05 004.3 359.7  12.8 0.121179 1.178664 0.162173 hargrave 2016-04-05 12:22:27 
TT 580 323.7  13.1 319.4  26.7 8.23E-06 004.9 346.4  33.6 0.418247 0.950521 0.266384 hargrave 2016-04-05 20:00:25 
