SS20- 8a mag compass orientation (IGRF corrected)
   44.1  14.3  16.0  92.0  17.8  16.2
NRM    310.5  33.2 298.7  42.9 9.97E-04 002.6 033.0  47.2 37.26163 60.72945 13.98825 hargrave 2016-02-18 11:40:23 
LN2    310.7  25.6 301.9  35.7 7.98E-04 002.0 031.4  39.7 23.81025 36.48411 12.00990 hargrave 2016-02-21 12:42:50 
TT 100 309.0  24.1 300.6  33.9 7.78E-04 002.7 029.1  38.4 32.68820 48.95471 12.40472 hargrave 2016-02-22 19:59:40 
TT 200 307.2  21.1 299.8  30.5 7.47E-04 001.7 026.5  35.7 24.45142 22.43741 15.35512 hargrave 2016-02-23 19:43:53 
TT 300 307.2  20.5 300.0  29.9 7.27E-04 003.2 026.5  35.0 38.29330 51.38459 14.51337 hargrave 2016-02-27 17:54:53 
TT 325 306.3  19.6 299.4  28.8 7.20E-04 002.4 025.3  34.3 25.94863 41.04209 10.50140 hargrave 2016-02-29 19:25:18 
TT 350 306.2  19.0 299.5  28.2 7.07E-04 001.9 025.1  33.7 27.17834 23.93301 14.85968 hargrave 2016-03-01 17:51:39 
TT 375 306.0  18.7 299.3  27.8 6.98E-04 003.0 024.8  33.4 28.32068 50.53013 10.42307 hargrave 2016-03-07 17:51:05 
TT 400 306.1  18.4 299.6  27.6 6.82E-04 002.3 024.9  33.1 29.91576 31.41500 15.20171 hargrave 2016-03-08 13:46:32 
TT 425 308.1  18.7 301.5  28.4 6.60E-04 001.7 027.2  33.2 22.86713 17.88672 13.24176 hargrave 2016-03-14 11:03:03 
TT 450 306.2  18.7 299.5  27.9 6.10E-04 001.4 025.0  33.4 17.87720 13.06055 12.87083 hargrave 2016-03-14 19:04:23 
TT 475 306.7  18.4 300.2  27.8 5.85E-04 002.5 025.6  33.1 24.95232 30.72370 12.22402 hargrave 2016-03-15 14:46:14 
TT 500 306.9  17.9 300.5  27.3 5.34E-04 001.3 025.7  32.5 14.45615 9.184494 12.27524 hargrave 2016-03-25 13:32:06 
TT 515 306.4  18.3 299.9  27.6 5.08E-04 001.3 025.2  33.0 10.23903 12.34475 12.40923 hargrave 2016-03-27 12:53:39 
TT 530 306.5  18.4 300.0  27.6 4.51E-04 001.3 025.3  33.0 10.47968 7.864631 11.10365 hargrave 2016-03-28 09:48:30 
TT 540 306.6  17.8 300.3  27.2 3.91E-04 001.9 025.3  32.5 14.42129 13.27766 9.662555 hargrave 2016-03-28 19:11:25 
TT 550 306.3  18.2 299.8  27.5 3.25E-04 001.5 025.1  32.9 10.08863 6.541489 8.466910 hargrave 2016-03-29 16:13:30 
TT 560 308.7  19.0 302.1  28.8 2.25E-04 001.5 027.9  33.4 4.714069 6.940663 5.191082 hargrave 2016-03-30 13:29:28 
TT 570 309.4  18.6 302.9  28.7 1.05E-04 001.8 028.6  32.9 3.561787 3.346226 2.768979 hargrave 2016-04-04 15:06:20 
TT 575 309.1  16.1 303.3  26.2 4.79E-05 001.7 027.8  30.5 1.480310 1.135475 1.341862 hargrave 2016-04-05 12:29:54 
TT 580 309.9  19.8 303.0  30.0 3.33E-05 002.7 029.4  34.1 1.549719 1.681758 1.253847 hargrave 2016-04-05 20:08:43 
