SS20- 6a mag compass orientation (IGRF corrected)
   44.1 292.3  46.0  92.0  17.8  16.0
NRM    306.6  27.4 296.9  36.4 1.39E-03 004.0 119.4  09.3 135.7577 76.50600 21.14260 hargrave 2016-02-18 11:37:15 
LN2    309.4  26.5 300.2  36.2 1.22E-03 002.8 120.5  06.9 81.11086 46.23803 21.77502 hargrave 2016-02-21 12:39:41 
TT 100 306.9  22.8 298.9  32.1 1.20E-03 003.9 116.3  05.9 117.7719 55.40718 23.74118 hargrave 2016-02-22 19:56:32 
TT 200 306.2  20.7 298.9  29.8 1.16E-03 002.6 114.3  04.9 73.95325 30.73792 27.20724 hargrave 2016-02-23 19:40:07 
TT 300 307.2  20.8 299.9  30.2 1.14E-03 003.1 115.1  04.3 89.02005 39.36839 23.11788 hargrave 2016-02-27 17:51:00 
TT 325 305.1  18.1 298.7  27.1 1.13E-03 003.8 111.8  03.7 111.7868 42.70929 17.62504 hargrave 2016-02-29 19:22:12 
TT 350 306.2  19.7 299.2  28.9 1.11E-03 002.0 113.6  04.1 54.41094 21.62307 24.47129 hargrave 2016-03-01 17:47:53 
TT 375 305.6  18.3 299.0  27.4 1.08E-03 003.6 112.2  03.6 98.85883 38.36753 18.65507 hargrave 2016-03-07 17:47:01 
TT 400 307.6  20.6 300.4  30.1 1.07E-03 001.3 115.2  03.9 27.11188 13.91227 22.93765 hargrave 2016-03-08 13:43:35 
TT 425 306.1  18.9 299.4  28.0 1.04E-03 002.1 112.9  03.6 58.31096 10.52214 20.54160 hargrave 2016-03-14 11:00:05 
TT 450 305.6  18.5 299.0  27.6 1.00E-03 001.3 112.4  03.7 27.63618 8.578385 20.63906 hargrave 2016-03-14 19:01:27 
TT 475 305.9  18.4 299.4  27.6 9.73E-04 003.5 112.6  03.4 87.16504 33.17325 20.30441 hargrave 2016-03-15 14:43:16 
TT 500 305.1  17.7 298.7  26.7 9.21E-04 001.8 111.5  03.4 41.73497 13.18176 19.18873 hargrave 2016-03-25 13:29:05 
TT 515 305.9  18.6 299.3  27.7 8.87E-04 002.1 112.7  03.5 44.94748 16.54866 17.91979 hargrave 2016-03-27 12:49:47 
TT 530 306.6  19.3 299.8  28.6 8.03E-04 001.1 113.6  03.5 16.20710 5.582042 17.95775 hargrave 2016-03-28 09:44:42 
TT 540 306.4  19.2 299.6  28.4 6.96E-04 001.4 113.4  03.6 19.28726 9.316566 15.97618 hargrave 2016-03-28 19:08:28 
TT 550 306.1  18.8 299.5  28.0 5.27E-04 002.0 112.9  03.5 25.50452 8.484060 11.62808 hargrave 2016-03-29 16:10:29 
TT 560 305.8  19.7 298.9  28.7 3.09E-04 003.3 113.3  04.3 25.84651 11.85922 5.743718 hargrave 2016-03-30 13:26:26 
TT 570 307.2  19.8 300.3  29.3 1.52E-04 001.7 114.4  03.5 6.475633 1.551334 3.083646 hargrave 2016-04-04 15:03:22 
TT 575 304.3  16.6 298.3  25.4 8.23E-05 001.5 110.2  03.2 3.100135 0.262529 1.642816 hargrave 2016-04-05 12:26:52 
TT 580 307.3  19.3 300.5  28.7 6.55E-05 001.4 114.0  03.1 2.449664 0.364074 1.158143 hargrave 2016-04-05 20:05:42 
