SS20- 4a mag compass orientation (IGRF corrected)
   44.1 140.3  12.0  92.0  17.8  1.0
NRM    326.1  48.2 308.3  61.0 3.17E-04 002.7 262.4  48.0 24.16924 7.949427 7.026263 hargrave 2016-02-18 11:31:37 
LN2    323.3  40.2 309.9  52.8 2.96E-04 002.6 262.9  39.7 22.11446 6.499952 6.962603 hargrave 2016-02-21 12:33:05 
TT 100 318.5  36.6 305.9  48.2 2.68E-04 003.5 259.5  35.3 27.88071 5.335091 4.524182 hargrave 2016-02-22 19:49:58 
TT 200 316.7  27.4 307.7  39.0 2.23E-04 002.5 260.3  26.0 16.69366 4.364804 3.248889 hargrave 2016-02-23 19:37:14 
TT 300 311.6  24.0 303.4  34.4 2.07E-04 002.4 256.3  21.7 13.91446 4.721260 3.026616 hargrave 2016-02-27 17:46:16 
TT 325 314.7  21.9 307.4  33.2 2.02E-04 002.3 259.8  20.3 13.77886 2.513089 3.571363 hargrave 2016-02-29 19:15:40 
TT 350 311.6  22.2 304.0  32.7 1.90E-04 002.1 256.7  19.9 11.38301 3.044576 2.999874 hargrave 2016-03-01 17:44:57 
TT 375 314.7  21.8 307.5  33.1 1.82E-04 001.8 259.8  20.1 9.240469 2.334880 3.485864 hargrave 2016-03-07 17:40:19 
TT 400 311.7  21.0 304.5  31.6 1.74E-04 003.4 257.1  18.8 17.10204 4.038981 3.131154 hargrave 2016-03-08 13:40:39 
TT 425 311.4  20.3 304.5  30.8 1.64E-04 001.5 257.0  18.0 6.951141 2.390391 2.773745 hargrave 2016-03-14 10:57:09 
TT 450 309.6  20.4 302.6  30.5 1.56E-04 004.2 255.3  17.7 18.82077 5.909360 3.148911 hargrave 2016-03-14 18:58:32 
TT 475 313.5  19.4 307.0  30.5 1.39E-04 002.7 259.3  17.6 11.02761 2.489280 2.414241 hargrave 2016-03-15 14:39:29 
TT 500 313.6  20.6 306.7  31.7 1.15E-04 002.8 259.1  18.8 9.386736 1.942267 1.837912 hargrave 2016-03-25 13:26:10 
TT 515 314.2  19.1 307.8  30.4 1.08E-04 002.0 260.0  17.4 6.112276 1.304468 1.732713 hargrave 2016-03-27 12:46:52 
TT 530 314.3  18.3 308.1  29.6 8.76E-05 000.8 260.2  16.7 1.640855 2.369090 1.531715 hargrave 2016-03-28 09:41:42 
TT 540 316.8  17.3 311.1  29.2 5.96E-05 001.3 262.9  16.1 2.147580 1.074703 1.040497 hargrave 2016-03-28 19:03:51 
TT 550 309.1  22.1 301.4  31.9 3.96E-05 001.2 254.4  19.3 1.008839 0.601871 0.904615 hargrave 2016-03-29 16:06:43 
TT 560 317.5  20.8 310.8  32.8 2.42E-05 003.2 262.8  19.7 2.121240 0.690562 0.859832 hargrave 2016-03-30 13:23:22 
TT 570 325.4  24.9 318.3  38.6 1.05E-05 003.8 269.5  25.4 0.717793 0.911631 0.664820 hargrave 2016-04-04 15:00:26 
TT 575 359.0  12.6 358.6  30.4 4.59E-06 009.2 305.9  19.9 0.195232 1.553937 0.430966 hargrave 2016-04-05 12:23:56 
TT 580 295.7  22.6 287.5  28.6 4.23E-06 008.8 241.5  17.2 0.403523 0.893481 0.701665 hargrave 2016-04-05 20:01:59 
