SS20- 2a mag compass orientation (IGRF corrected)
   44.1 153.3   8.0  92.0  17.8  12.6
NRM    302.6  44.0 284.4  50.7 3.07E-04 004.1 233.4  39.6 23.71856 13.94469 4.309224 hargrave 2016-02-18 11:27:41 
LN2    317.8  34.9 306.0  46.4 2.22E-04 002.7 249.4  32.4 12.09899 4.300481 3.792029 hargrave 2016-02-21 12:29:58 
TT 100 317.7  31.5 307.2  43.1 2.00E-04 002.8 249.9  29.0 11.94679 2.897120 2.182948 hargrave 2016-02-22 19:46:53 
TT 200 318.5  23.9 310.9  36.1 1.69E-04 002.1 252.0  21.7 7.422530 2.167356 2.040565 hargrave 2016-02-23 19:34:11 
TT 300 314.4  20.3 307.7  31.6 1.55E-04 002.9 248.6  17.5 9.088408 3.314284 1.726703 hargrave 2016-02-27 17:43:12 
TT 325 317.3  18.1 311.3  30.2 1.48E-04 000.9 251.6  15.8 1.753026 1.416483 2.411121 hargrave 2016-02-29 19:12:35 
TT 350 317.0  17.1 311.3  29.1 1.42E-04 001.5 251.5  14.7 4.113786 1.345182 1.689552 hargrave 2016-03-01 17:41:05 
TT 375 317.7  16.9 312.1  29.1 1.38E-04 003.2 252.3  14.6 9.283867 2.259286 2.241782 hargrave 2016-03-07 17:37:12 
TT 400 317.5  16.3 312.0  28.5 1.27E-04 002.1 252.1  14.0 5.521419 1.175541 1.764257 hargrave 2016-03-08 13:37:36 
TT 425 314.7  15.9 309.3  27.5 1.15E-04 002.7 249.5  13.3 5.567391 4.093853 1.899272 hargrave 2016-03-14 10:54:06 
TT 450 311.3  16.9 305.4  27.5 1.02E-04 004.0 246.0  13.8 8.054096 3.093660 2.539369 hargrave 2016-03-14 18:55:30 
TT 475 313.4  15.6 308.0  26.8 8.55E-05 002.6 248.2  12.8 4.360808 1.375787 1.743370 hargrave 2016-03-15 14:36:26 
TT 500 317.0  17.3 311.2  29.3 6.24E-05 001.5 251.5  14.9 1.376390 0.920132 1.508878 hargrave 2016-03-25 13:22:59 
TT 515 314.1  16.4 308.4  27.7 5.65E-05 001.5 248.8  13.6 1.355810 0.506381 1.373325 hargrave 2016-03-27 12:43:50 
TT 530 317.1  16.3 311.7  28.3 3.92E-05 001.4 251.7  13.9 0.805203 1.052126 0.762165 hargrave 2016-03-28 09:38:39 
TT 540 315.5  22.4 308.1  33.8 2.06E-05 001.6 249.3  19.7 0.728190 0.445279 0.281384 hargrave 2016-03-28 19:00:49 
TT 550 309.3  19.7 302.4  29.7 1.53E-05 001.5 243.6  16.3 0.263814 0.346797 0.396486 hargrave 2016-03-29 16:03:41 
TT 560 320.6  21.7 313.8  34.4 1.05E-05 002.7 254.3  19.7 0.372313 0.158570 0.556256 hargrave 2016-03-30 13:20:19 
TT 570 284.2  50.1 262.4  50.5 3.20E-06 009.8 215.5  43.8 0.190756 0.580822 0.353371 hargrave 2016-04-04 14:57:23 
TT 570 293.6  40.3 277.7  44.5 3.00E-06 002.5 225.8  34.9 0.140183 0.074843 0.116516 hargrave 2016-04-04 16:17:25 
TT 575 078.3 -23.8 071.7 -18.5 1.87E-06 019.8 014.3 -16.0 0.188494 0.829701 0.167959 hargrave 2016-04-05 12:20:54 
TT 580 008.3  03.6 008.8  21.3 4.27E-06 008.1 304.4  08.1 0.160668 0.627989 0.585368 hargrave 2016-04-05 19:58:52 
