SS20- 7a mag compass orientation (IGRF corrected)
   44.1   0.3  16.0  92.0  17.8  16.1
NRM    309.7  28.2 299.8  37.9 1.46E-03 003.1 046.8  39.9 82.81173 92.82222 25.03614 hargrave 2016-02-18 11:38:48 
LN2    308.5  22.9 300.6  32.5 1.27E-03 001.3 044.1  35.0 28.58806 29.26185 20.07934 hargrave 2016-02-21 12:41:14 
TT 100 305.7  21.4 298.1  30.3 1.25E-03 002.1 040.6  34.0 43.90711 54.89847 22.01922 hargrave 2016-02-22 19:58:06 
TT 200 306.0  19.0 299.2  28.1 1.22E-03 002.2 040.4  31.6 51.60676 50.81012 21.34593 hargrave 2016-02-23 19:42:24 
TT 300 305.1  18.5 298.5  27.4 1.20E-03 002.2 039.3  31.3 52.78802 48.90339 21.32934 hargrave 2016-02-27 17:52:28 
TT 325 303.3  17.4 297.1  25.9 1.19E-03 002.9 037.1  30.5 57.59644 74.06651 17.10964 hargrave 2016-02-29 19:23:44 
TT 350 304.7  17.2 298.5  26.0 1.17E-03 001.7 038.6  30.1 37.69403 37.36709 17.18941 hargrave 2016-03-01 17:50:10 
TT 375 304.2  17.0 298.1  25.7 1.16E-03 001.9 038.1  29.9 40.41976 43.32857 18.17126 hargrave 2016-03-07 17:48:35 
TT 400 305.3  17.0 299.2  26.0 1.14E-03 002.4 039.2  29.7 54.94428 48.68223 21.63003 hargrave 2016-03-08 13:45:03 
TT 425 305.9  17.0 299.8  26.2 1.12E-03 002.8 039.9  29.7 63.10043 60.22843 20.74630 hargrave 2016-03-14 11:01:33 
TT 450 304.7  16.5 298.7  25.4 1.08E-03 001.7 038.5  29.4 37.61489 30.74768 20.46842 hargrave 2016-03-14 19:02:54 
TT 475 304.2  16.2 298.4  25.0 1.05E-03 003.0 037.9  29.2 60.10636 65.27984 18.10258 hargrave 2016-03-15 14:44:45 
TT 500 305.3  16.3 299.4  25.3 9.87E-04 002.2 039.1  29.1 42.43614 38.83313 18.87614 hargrave 2016-03-25 13:30:33 
TT 515 304.2  16.2 298.3  24.9 9.55E-04 001.8 037.8  29.2 35.56819 27.24612 19.68520 hargrave 2016-03-27 12:51:15 
TT 530 305.1  16.2 299.2  25.2 8.69E-04 001.5 038.8  29.0 26.00112 17.72858 18.49502 hargrave 2016-03-28 09:47:01 
TT 540 303.1  15.7 297.4  24.2 7.68E-04 001.9 036.6  28.9 29.53253 25.60822 16.95904 hargrave 2016-03-28 19:09:56 
TT 550 304.3  15.7 298.5  24.5 6.22E-04 001.3 037.8  28.7 15.34317 10.63999 13.71375 hargrave 2016-03-29 16:11:56 
TT 560 306.4  16.4 300.5  25.7 3.76E-04 001.0 040.3  29.0 7.089551 5.987868 6.732309 hargrave 2016-03-30 13:27:54 
TT 570 302.7  14.5 297.3  22.9 1.57E-04 002.1 035.9  27.8 6.394780 6.242029 3.436830 hargrave 2016-04-04 15:04:51 
TT 575 304.0  13.4 299.0  22.2 7.82E-05 002.3 037.1  26.5 3.116122 3.628420 1.529539 hargrave 2016-04-05 12:28:20 
TT 580 304.5  15.7 298.7  24.5 5.66E-05 001.6 038.0  28.6 1.639751 1.607998 1.294552 hargrave 2016-04-05 20:07:10 
