SS20- 5a mag compass orientation (IGRF corrected)
   44.1 289.3  39.0  92.0  17.8  1.0
NRM    308.6  28.5 298.6  37.9 1.42E-03 002.6 122.4  10.8 76.99224 51.13396 22.85060 hargrave 2016-02-18 11:33:30 
LN2    310.3  25.1 301.7  35.1 1.08E-03 001.4 121.6  07.2 122.6459 133.2075 27.35118 hargrave 2016-02-21 12:34:57 
TT 100 310.8  24.2 302.5  34.4 1.18E-03 002.9 121.3  06.2 71.10368 45.16656 20.33926 hargrave 2016-02-22 19:52:40 
TT 200 308.1  22.9 300.1  32.4 1.16E-03 002.5 118.6  06.6 63.17532 33.71866 19.24382 hargrave 2016-02-23 19:38:41 
TT 300 308.1  21.7 300.6  31.3 1.15E-03 002.6 117.9  05.6 65.06672 35.36266 16.09320 hargrave 2016-02-27 17:49:26 
TT 325 307.6  20.6 300.3  30.1 1.13E-03 002.6 116.8  05.1 65.53421 31.04355 15.50621 hargrave 2016-02-29 19:17:31 
TT 350 307.9  21.5 300.4  31.0 1.12E-03 001.8 117.6  05.6 44.20986 22.59493 18.18760 hargrave 2016-03-01 17:46:25 
TT 375 307.0  20.2 299.9  29.6 1.10E-03 004.0 116.2  05.1 100.8702 49.36070 18.86589 hargrave 2016-03-07 17:43:06 
TT 400 310.5  22.1 302.9  32.3 1.09E-03 000.9 119.9  04.6 17.41717 6.574165 16.76239 hargrave 2016-03-08 13:42:07 
TT 425 306.8  19.5 299.9  28.8 1.06E-03 003.6 115.6  04.6 90.61617 30.22161 15.96129 hargrave 2016-03-14 10:58:37 
TT 450 308.3  20.5 301.1  30.2 1.04E-03 002.2 117.3  04.6 49.56349 23.39249 17.41502 hargrave 2016-03-14 18:59:59 
TT 475 307.0  19.2 300.2  28.6 1.01E-03 003.2 115.6  04.3 73.49343 31.78890 16.03992 hargrave 2016-03-15 14:40:57 
TT 500 306.2  18.8 299.6  28.0 9.52E-04 001.2 114.8  04.4 23.16173 8.739443 14.69922 hargrave 2016-03-25 13:27:37 
TT 515 307.9  20.1 300.8  29.7 9.21E-04 001.2 116.8  04.5 22.06478 8.719265 15.91514 hargrave 2016-03-27 12:48:19 
TT 530 308.3  20.2 301.3  29.9 8.32E-04 001.2 117.2  04.3 18.58226 8.155528 15.28239 hargrave 2016-03-28 09:43:09 
TT 540 308.3  20.3 301.2  30.0 7.23E-04 000.9 117.2  04.4 9.727827 3.547447 13.64311 hargrave 2016-03-28 19:06:08 
TT 550 307.7  19.9 300.7  29.5 5.36E-04 001.6 116.6  04.5 17.49179 7.722842 10.11509 hargrave 2016-03-29 16:09:00 
TT 560 308.1  20.8 300.9  30.4 2.92E-04 001.8 117.4  04.9 11.22163 6.178234 4.271697 hargrave 2016-03-30 13:24:54 
TT 570 307.2  20.1 300.2  29.5 1.15E-04 000.8 116.3  04.9 1.715695 0.653625 1.714865 hargrave 2016-04-04 15:01:54 
TT 575 304.2  17.3 298.0  26.1 5.92E-05 000.8 112.3  04.4 1.118361 0.863684 0.853261 hargrave 2016-04-05 12:25:23 
TT 580 307.6  20.3 300.5  29.9 4.40E-05 001.3 116.7  04.9 1.520336 0.197408 0.760158 hargrave 2016-04-05 20:03:26 
