SS20- 1a mag compass orientation (IGRF corrected)
   44.1 209.3  10.0  92.0  17.8  14.7
NRM    310.2  45.3 291.6  54.1 2.27E-04 003.5 189.4  35.5 5.162159 19.82655 4.045125 hargrave 2016-02-18 11:26:10 
LN2    313.6  39.6 298.9  49.8 1.93E-04 001.3 192.7  29.9 3.452979 3.659436 4.644637 hargrave 2016-02-21 12:28:26 
TT 100 311.9  34.9 299.4  44.8 1.73E-04 001.3 191.4  25.1 2.775929 3.314755 5.160145 hargrave 2016-02-22 19:45:22 
TT 200 305.7  25.3 296.8  34.0 1.45E-04 003.0 186.0  15.3 1.611125 8.794404 6.896550 hargrave 2016-02-23 19:32:35 
TT 300 304.5  21.0 297.1  29.6 1.42E-04 003.9 185.0  11.0 2.089075 12.42140 7.081001 hargrave 2016-02-27 17:41:35 
TT 325 308.1  20.8 300.9  30.5 1.31E-04 002.1 188.4  10.9 2.669991 6.321195 3.160870 hargrave 2016-02-29 19:11:05 
TT 350 304.8  20.0 297.6  28.8 1.28E-04 003.2 185.2  10.1 1.598783 8.657885 6.028352 hargrave 2016-03-01 17:39:28 
TT 375 311.0  19.7 304.2  30.1 1.25E-04 003.3 191.2  09.9 2.386619 10.09604 2.836145 hargrave 2016-03-07 17:34:41 
TT 400 306.3  19.0 299.5  28.2 1.20E-04 002.9 186.7  09.0 1.385253 7.176946 5.352415 hargrave 2016-03-08 13:35:59 
TT 425 307.8  18.0 301.5  27.7 1.12E-04 003.0 188.2  08.1 2.794993 7.856211 3.973754 hargrave 2016-03-14 10:52:29 
TT 450 307.5  18.9 300.9  28.4 9.43E-05 002.2 187.9  09.0 1.497154 3.676432 3.859834 hargrave 2016-03-14 18:53:53 
TT 475 307.0  17.6 300.7  27.1 7.95E-05 002.1 187.4  07.7 1.175838 2.815946 3.178253 hargrave 2016-03-15 14:34:48 
TT 500 305.0  20.3 297.8  29.1 5.82E-05 001.6 185.4  10.4 0.821589 0.975979 2.187214 hargrave 2016-03-25 13:21:18 
TT 515 305.8  19.5 298.9  28.5 5.57E-05 001.7 186.2  09.5 1.076335 1.331335 2.044708 hargrave 2016-03-27 12:42:13 
TT 530 309.0  19.6 302.2  29.5 3.67E-05 001.8 189.3  09.7 1.430542 0.631026 1.426296 hargrave 2016-03-28 09:37:01 
TT 540 291.4  22.8 283.3  27.5 2.21E-05 002.2 172.5  12.8 0.586314 0.537751 1.014989 hargrave 2016-03-28 18:59:12 
TT 550 294.4  20.7 287.0  26.4 1.93E-05 001.3 175.4  10.7 0.759012 0.154464 0.541811 hargrave 2016-03-29 16:02:04 
TT 560 330.9  28.3 323.6  43.0 8.53E-06 002.2 209.3  19.6 0.707174 0.154022 0.230449 hargrave 2016-03-30 13:18:42 
TT 570 233.8  19.7 230.4  08.2 2.85E-06 004.3 117.4  15.3 0.568419 0.818356 0.443600 hargrave 2016-04-04 14:55:45 
TT 575 249.4 -07.0 252.4 -13.4 4.12E-06 003.7 128.7 -13.3 0.482806 1.004524 0.147744 hargrave 2016-04-05 12:19:16 
TT 580 325.4  77.3 227.2  79.3 1.96E-06 014.3 194.9  67.9 0.348020 0.655417 0.444895 hargrave 2016-04-05 19:57:15 
