SS21- 2a mag compass orientation (IGRF corrected)
   48.3 124.3  14.0  92.0  17.8  15.5
NRM    279.8  46.9 260.7  46.3 5.74E-04 004.7 234.0  39.8 59.87130 42.78437 8.945911 hargrave 2016-02-18 11:44:36 
LN2    293.0  26.6 283.4  31.6 3.75E-04 003.5 252.4  23.1 32.50524 14.03012 6.284355 hargrave 2016-02-21 12:46:14 
TT 100 291.1  24.2 282.4  28.8 3.56E-04 004.9 251.2  20.3 44.46227 14.55564 7.372605 hargrave 2016-02-22 20:03:03 
TT 200 290.0  17.1 283.9  21.8 3.28E-04 002.0 252.0  13.2 15.18783 6.139892 7.126505 hargrave 2016-02-23 19:47:03 
TT 300 290.3  13.8 285.3  18.7 3.06E-04 003.8 253.1  10.1 29.45919 9.088191 6.995114 hargrave 2016-02-27 17:58:54 
TT 325 290.6  12.1 286.1  17.1 2.96E-04 001.8 253.8  08.5 12.66770 3.015021 5.654999 hargrave 2016-02-29 19:28:39 
TT 350 291.4  10.9 287.3  16.3 2.90E-04 001.4 254.9  07.5 9.150129 2.524738 6.427078 hargrave 2016-03-01 17:54:49 
TT 375 292.2  09.9 288.3  15.6 2.89E-04 004.8 255.9  06.7 36.06566 9.069057 6.085988 hargrave 2016-03-07 17:55:24 
TT 400 290.1  09.9 286.3  14.9 2.62E-04 002.2 253.9  06.2 13.69762 3.389868 6.442570 hargrave 2016-03-08 13:49:43 
TT 425 291.3  09.1 287.7  14.5 2.41E-04 001.0 255.2  05.7 5.695314 2.961481 4.036183 hargrave 2016-03-14 11:06:14 
TT 450 289.5  09.5 285.8  14.3 2.05E-04 001.7 253.4  05.7 8.130961 1.775289 4.559396 hargrave 2016-03-14 19:07:32 
TT 475 288.7  09.0 285.2  13.7 1.80E-04 002.1 252.7  05.1 8.911232 2.235124 4.520693 hargrave 2016-03-15 14:49:25 
TT 500 291.9  08.9 288.4  14.5 1.40E-04 001.6 255.8  05.7 5.056390 1.012161 3.408277 hargrave 2016-03-25 13:35:16 
TT 515 288.1  09.5 284.5  13.9 1.09E-04 001.3 252.1  05.3 2.895736 1.497878 2.440020 hargrave 2016-03-27 12:56:53 
TT 530 290.7  08.9 287.2  14.2 7.48E-05 001.2 254.7  05.4 1.988413 0.545801 1.489672 hargrave 2016-03-28 09:52:35 
TT 540 290.8  08.7 287.4  13.9 4.39E-05 000.8 254.9  05.2 0.563860 0.563391 0.888726 hargrave 2016-03-28 19:14:35 
TT 550 277.7  14.1 273.0  15.2 1.49E-05 000.9 241.0  07.6 0.243612 0.504038 0.271366 hargrave 2016-03-29 16:16:41 
TT 560 295.2  27.8 285.1  33.4 8.16E-06 001.9 254.2  24.8 0.265055 0.130355 0.366755 hargrave 2016-03-30 13:32:38 
TT 570 214.7 -14.9 218.9 -29.6 2.60E-06 016.5 180.5 -28.9 0.426897 1.099901 0.290467 hargrave 2016-04-04 15:09:32 
TT 570 231.1 -25.6 239.8 -36.2 2.70E-06 003.9 199.6 -38.9 0.166967 0.145595 0.254598 hargrave 2016-04-04 16:19:20 
TT 575 218.2  04.5 218.7 -09.9 7.11E-06 004.7 183.9 -09.5 0.603947 0.853258 0.140061 hargrave 2016-04-05 12:33:05 
TT 580 304.2  09.1 300.4  18.2 7.83E-06 003.2 267.7  08.8 0.419364 0.827705 0.390861 hargrave 2016-04-05 20:11:52 
