SS21- 7a mag compass orientation (IGRF corrected)
   52.3 318.3  23.0  92.0  17.8  15.1
NRM    353.2  19.4 351.5  37.0 1.24E-03 004.8 129.0  05.5 120.2873 97.96876 19.32685 hargrave 2016-02-18 11:54:38 
LN2    354.6  11.7 353.7  29.4 9.87E-04 001.5 127.9 -02.2 29.05766 24.58507 14.43806 hargrave 2016-02-21 12:55:32 
TT 100 353.1  10.4 352.0  28.0 9.84E-04 003.2 126.0 -03.0 65.88025 47.19961 14.79949 hargrave 2016-02-22 20:13:04 
TT 200 290.6  04.0 288.6  09.4 1.23E-03 003.5 065.6  14.2 102.3363 47.33756 21.55653 hargrave 2016-02-23 19:58:04 
TT 300 291.7  03.9 289.7  09.6 1.22E-03 002.9 066.7  13.7 83.09231 36.73068 18.35512 hargrave 2016-02-27 18:09:14 
TT 325 352.1  06.9 351.2  24.4 9.37E-04 002.6 123.9 -06.0 53.05120 33.03004 13.56386 hargrave 2016-02-29 19:37:54 
TT 350 292.6  03.5 290.6  09.5 1.19E-03 003.1 067.4  13.1 88.23904 37.38934 19.04191 hargrave 2016-03-01 18:05:51 
TT 375 350.4  05.9 349.4  23.3 8.96E-04 003.0 122.0 -06.4 59.87957 36.88069 14.26604 hargrave 2016-03-07 18:04:39 
TT 400 290.6  02.6 289.0  08.1 1.14E-03 003.5 065.1  12.9 94.05081 43.49329 19.05460 hargrave 2016-03-08 14:00:45 
TT 425 291.3  02.9 289.6  08.5 1.11E-03 002.4 065.9  12.9 61.37020 27.52806 18.82522 hargrave 2016-03-14 11:17:09 
TT 450 290.2  02.5 288.6  07.9 1.07E-03 002.8 064.7  13.0 68.98252 34.11943 18.81977 hargrave 2016-03-14 19:17:40 
TT 475 289.5  02.0 288.1  07.2 1.02E-03 003.7 063.9  12.7 87.09752 43.34837 16.57405 hargrave 2016-03-15 14:59:39 
TT 500 291.0  02.4 289.4  08.0 9.52E-04 003.3 065.4  12.6 73.44960 34.87454 15.33202 hargrave 2016-03-25 13:44:34 
TT 515 290.1  02.0 288.6  07.4 8.71E-04 001.6 064.4  12.6 30.40634 14.70621 13.70325 hargrave 2016-03-27 13:06:59 
TT 530 290.5  02.0 289.1  07.5 7.38E-04 000.9 064.8  12.4 12.33605 5.189093 13.08167 hargrave 2016-03-28 10:02:41 
TT 540 290.3  01.7 289.0  07.1 5.73E-04 001.6 064.5  12.2 19.98793 9.943887 10.27960 hargrave 2016-03-28 19:25:31 
TT 550 290.0  01.8 288.7  07.2 3.72E-04 001.4 064.3  12.4 11.12310 5.787938 6.678520 hargrave 2016-03-29 16:27:38 
TT 560 289.9  02.6 288.3  07.9 1.56E-04 000.9 064.5  13.2 2.545881 1.393596 2.622352 hargrave 2016-03-30 13:42:54 
TT 570 291.9  03.1 290.1  09.0 5.26E-05 003.3 066.6  12.9 3.876393 2.312202 0.805270 hargrave 2016-04-04 15:19:38 
TT 575 295.4  00.4 294.2  07.4 4.85E-05 001.9 068.9  09.2 1.989087 1.339281 0.745979 hargrave 2016-04-05 12:43:08 
TT 580 286.1  01.0 285.2  05.2 3.79E-05 002.2 060.3  12.9 1.717933 1.378604 0.633328 hargrave 2016-04-05 20:21:58 
