SS21- 1a mag compass orientation (IGRF corrected)
   48.3 150.3  16.0  92.0  17.8  13.3
NRM    296.8  62.1 260.8  64.4 5.02E-04 004.0 218.4  51.1 33.25535 32.37070 6.649595 hargrave 2016-02-18 11:42:53 
LN2    291.9  39.0 276.7  42.8 3.20E-04 001.7 223.7  28.1 8.648302 8.479797 5.053853 hargrave 2016-02-21 12:44:31 
TT 100 288.4  36.8 274.4  39.8 3.11E-04 003.1 221.3  25.4 15.07707 16.42948 4.096250 hargrave 2016-02-22 20:01:21 
TT 200 287.5  28.9 277.1  32.1 2.81E-04 001.9 222.3  17.4 7.685739 9.575453 3.482345 hargrave 2016-02-23 19:45:26 
TT 300 284.2  24.0 275.9  26.5 2.64E-04 003.5 220.4  12.1 13.17256 16.74962 2.928009 hargrave 2016-02-27 17:57:17 
TT 325 283.7  20.4 276.6  23.0 2.58E-04 001.6 220.6  08.5 4.828882 7.487195 3.572929 hargrave 2016-02-29 19:26:57 
TT 350 284.5  19.3 277.8  22.2 2.52E-04 003.2 221.6  07.6 11.85310 14.17784 3.032349 hargrave 2016-03-01 17:53:12 
TT 375 284.2  16.9 278.3  19.8 2.46E-04 003.4 221.8  05.1 12.49570 14.86123 3.599968 hargrave 2016-03-07 17:53:41 
TT 400 284.2  15.7 278.7  18.6 2.39E-04 001.4 222.0  03.9 4.537486 5.311578 3.092421 hargrave 2016-03-08 13:48:06 
TT 425 284.2  15.5 278.8  18.4 2.17E-04 000.9 222.0  03.7 2.525968 2.779433 2.730290 hargrave 2016-03-14 11:04:37 
TT 450 282.6  15.8 277.2  18.2 1.91E-04 001.1 220.5  03.7 2.852459 3.378684 2.491111 hargrave 2016-03-14 19:05:56 
TT 475 283.1  14.3 278.2  17.0 1.68E-04 002.1 221.3  02.4 5.216483 6.122380 2.186612 hargrave 2016-03-15 14:47:48 
TT 500 282.2  14.3 277.3  16.7 1.29E-04 002.0 220.4  02.2 4.019947 4.365125 1.536245 hargrave 2016-03-25 13:33:39 
TT 515 280.1  11.8 276.1  13.7 1.09E-04 000.8 218.8 -00.7 1.304125 1.039812 1.275750 hargrave 2016-03-27 12:55:16 
TT 530 280.1  10.9 276.4  12.9 7.46E-05 000.8 219.0 -01.5 1.252932 0.772630 0.967920 hargrave 2016-03-28 09:50:54 
TT 540 280.0  18.2 273.8  19.7 4.99E-05 000.7 217.5  05.6 0.475407 0.297792 0.613223 hargrave 2016-03-28 19:12:58 
TT 550 270.9  13.9 266.7  12.9 2.07E-05 001.3 209.6  00.1 0.320108 0.444293 0.360271 hargrave 2016-03-29 16:15:04 
TT 560 270.2  25.7 262.0  23.8 1.58E-05 002.5 207.3  11.6 0.475221 0.755573 0.238361 hargrave 2016-03-30 13:31:02 
TT 570 239.4  06.3 239.0 -03.3 1.07E-05 001.0 179.1 -09.7 0.222650 0.147893 0.169055 hargrave 2016-04-04 15:07:54 
TT 575 253.4 -01.3 254.6 -06.8 1.22E-05 000.8 193.7 -16.8 0.214429 0.186234 0.144592 hargrave 2016-04-05 12:31:28 
TT 580 285.5 -03.4 285.9  00.8 1.14E-05 001.5 227.1 -14.6 0.229347 0.258795 0.269530 hargrave 2016-04-05 20:10:16 
