SS21- 8a mag compass orientation (IGRF corrected)
   52.3 254.3  27.0  92.0  17.8  15.2
NRM    287.8  21.7 280.1  25.4 1.24E-03 004.6 128.9  05.5 116.3119 94.86490 22.81628 hargrave 2016-02-18 11:58:24 
LN2    289.9  14.1 284.7  18.8 9.81E-04 001.6 127.9 -02.2 31.75565 24.64852 15.94071 hargrave 2016-02-21 12:58:38 
TT 100 288.5  12.7 283.9  17.1 9.77E-04 003.6 126.2 -03.0 74.63096 53.50734 14.85265 hargrave 2016-02-22 20:17:47 
TT 200 287.4  10.8 283.4  14.9 9.61E-04 002.3 124.4 -04.4 46.38859 31.12534 15.12460 hargrave 2016-02-23 19:59:32 
TT 300 286.8  09.4 283.3  13.4 9.40E-04 002.0 123.3 -05.5 40.86241 25.39175 12.77082 hargrave 2016-02-27 18:10:42 
TT 325 287.6  09.1 284.2  13.4 9.31E-04 002.6 123.9 -06.1 53.22363 31.86338 15.80301 hargrave 2016-02-29 19:41:45 
TT 350 287.4  08.7 284.0  13.0 9.12E-04 002.4 123.6 -06.3 47.97890 30.57861 13.65191 hargrave 2016-03-01 18:07:18 
TT 375 286.0  08.1 282.9  11.9 8.90E-04 003.2 122.0 -06.3 62.96353 37.85431 16.59335 hargrave 2016-03-07 18:07:45 
TT 400 287.2  08.2 284.1  12.4 8.81E-04 002.2 123.2 -06.8 41.60559 27.07538 14.45881 hargrave 2016-03-08 14:03:07 
TT 425 287.5  08.2 284.3  12.5 8.60E-04 000.9 123.5 -06.8 9.680742 13.10170 13.32421 hargrave 2016-03-14 11:20:31 
TT 450 287.8  08.0 284.7  12.5 8.47E-04 000.8 123.7 -07.1 8.876639 7.012189 13.28068 hargrave 2016-03-14 19:19:57 
TT 475 286.8  07.0 284.0  11.2 8.13E-04 002.7 122.3 -07.6 48.50467 28.47074 13.62956 hargrave 2016-03-15 15:01:07 
TT 500 286.7  07.1 283.9  11.2 7.68E-04 000.9 122.3 -07.6 12.37871 7.386182 11.23249 hargrave 2016-03-25 13:46:01 
TT 515 285.8  06.8 283.1  10.6 7.13E-04 000.7 121.3 -07.5 7.145568 4.826286 10.39922 hargrave 2016-03-27 13:08:26 
TT 530 287.2  07.0 284.4  11.3 5.95E-04 001.1 122.7 -07.8 11.89588 7.398907 9.626930 hargrave 2016-03-28 10:04:10 
TT 540 285.3  06.4 282.8  10.1 4.39E-04 000.9 120.8 -07.7 6.774187 4.335881 7.267556 hargrave 2016-03-28 19:27:02 
TT 550 288.1  07.3 285.1  11.8 2.60E-04 000.8 123.7 -07.9 2.912164 2.886886 4.255387 hargrave 2016-03-29 16:29:05 
TT 560 290.7  09.3 287.1  14.5 1.14E-04 001.2 126.8 -07.0 2.427919 2.328617 1.773908 hargrave 2016-03-30 13:44:22 
TT 570 285.7  04.2 283.8  08.2 5.50E-05 000.8 120.2 -09.8 0.986586 1.009987 0.853729 hargrave 2016-04-04 15:21:06 
TT 575 287.3  00.4 286.5  05.0 3.62E-05 000.8 120.2 -14.0 0.412135 0.565403 0.542367 hargrave 2016-04-05 12:44:36 
TT 580 286.2  07.2 283.4  11.1 3.14E-05 001.4 121.9 -07.3 0.702181 0.826744 1.023865 hargrave 2016-04-05 20:23:24 
