SS21- 6a mag compass orientation (IGRF corrected)
   52.3 231.3  15.0  92.0  17.8  15.6
NRM    293.1  14.8 287.7  20.4 1.31E-03 004.4 152.8  01.5 70.65207 136.8215 23.41769 hargrave 2016-02-18 11:52:45 
LN2    292.3  11.0 288.1  16.6 1.09E-03 003.3 151.6 -02.2 46.07238 85.25513 17.01026 hargrave 2016-02-21 12:53:39 
TT 100 292.2  09.7 288.4  15.3 1.07E-03 002.5 151.3 -03.5 32.92785 61.61509 16.64391 hargrave 2016-02-22 20:11:12 
TT 200 291.7  07.3 288.6  12.9 1.03E-03 003.0 150.5 -05.7 39.49831 72.29741 17.60890 hargrave 2016-02-23 19:56:37 
TT 300 291.6  06.2 288.9  11.9 1.01E-03 003.0 150.3 -06.8 40.00869 70.41735 15.06860 hargrave 2016-02-27 18:07:46 
TT 325 293.4  06.2 290.6  12.4 9.91E-04 001.8 152.0 -07.0 21.88362 39.55921 14.81530 hargrave 2016-02-29 19:36:02 
TT 350 291.8  05.8 289.2  11.4 9.62E-04 000.9 150.4 -07.3 7.985230 16.73530 15.13100 hargrave 2016-03-01 18:04:24 
TT 375 291.8  05.7 289.3  11.4 9.37E-04 000.9 150.4 -07.4 8.203174 15.96778 15.22469 hargrave 2016-03-07 18:02:47 
TT 400 291.6  05.3 289.2  11.0 9.14E-04 002.9 150.2 -07.7 34.08831 62.00938 15.44813 hargrave 2016-03-08 13:58:29 
TT 425 289.8  05.1 287.5  10.2 9.02E-04 000.7 148.3 -07.7 6.813569 10.47113 14.09683 hargrave 2016-03-14 11:15:41 
TT 450 290.4  05.1 288.1  10.4 8.87E-04 001.2 148.9 -07.8 12.92020 21.92697 14.39646 hargrave 2016-03-14 19:16:13 
TT 475 290.4  04.6 288.2  10.0 8.58E-04 003.0 148.9 -08.2 36.18305 58.55599 13.80712 hargrave 2016-03-15 14:58:13 
TT 500 290.9  04.6 288.7  10.1 8.24E-04 001.4 149.4 -08.4 15.45161 24.97220 12.56053 hargrave 2016-03-25 13:43:07 
TT 515 291.1  04.5 288.9  10.1 7.61E-04 000.7 149.5 -08.4 7.030709 8.635805 11.43007 hargrave 2016-03-27 13:05:28 
TT 530 291.1  04.2 289.0  09.7 6.54E-04 001.1 149.5 -08.8 7.817789 14.38909 10.43670 hargrave 2016-03-28 10:01:13 
TT 540 290.0  04.1 288.0  09.3 5.02E-04 001.7 148.4 -08.7 11.19275 18.49734 8.486707 hargrave 2016-03-28 19:24:04 
TT 550 291.5  04.1 289.5  09.8 3.16E-04 000.9 149.9 -08.9 2.957131 5.016199 5.302297 hargrave 2016-03-29 16:25:21 
TT 560 293.0  05.1 290.6  11.2 1.46E-04 002.2 151.6 -08.1 3.539128 7.637762 2.293748 hargrave 2016-03-30 13:41:27 
TT 570 293.0  03.5 291.1  09.7 6.37E-05 000.7 151.4 -09.7 0.985306 0.467263 1.013835 hargrave 2016-04-04 15:18:11 
TT 575 288.9  01.6 287.7  06.6 5.65E-05 000.8 146.9 -11.1 1.166177 0.423575 0.872047 hargrave 2016-04-05 12:41:41 
TT 580 293.7  04.0 291.6  10.4 4.85E-05 000.8 152.1 -09.2 0.837529 0.319736 0.897051 hargrave 2016-04-05 20:20:27 
