SS21- 5a mag compass orientation (IGRF corrected)
   52.3  26.3  15.0  92.0  17.8  15.7
NRM    298.1  34.7 285.0  40.7 1.27E-03 003.6 002.3  49.7 23.08580 121.2262 18.45014 hargrave 2016-02-18 11:51:09 
LN2    297.7  24.0 289.0  30.6 1.02E-03 003.1 001.6  39.0 22.52893 80.84081 20.18068 hargrave 2016-02-21 12:52:01 
TT 100 295.6  22.4 287.6  28.4 1.00E-03 003.1 359.2  37.4 19.26863 80.58726 19.05031 hargrave 2016-02-22 20:09:35 
TT 200 294.3  18.3 287.7  24.2 9.56E-04 002.4 357.8  33.3 14.15097 60.44541 17.20329 hargrave 2016-02-23 19:54:16 
TT 300 292.0  16.0 286.2  21.3 9.22E-04 002.0 355.1  31.0 11.93004 46.61618 16.56171 hargrave 2016-02-27 18:06:15 
TT 325 293.2  14.8 287.8  20.5 9.05E-04 001.4 356.5  29.8 14.06028 25.56099 18.30932 hargrave 2016-02-29 19:34:21 
TT 350 293.6  14.2 288.4  20.0 8.82E-04 002.9 357.0  29.1 11.21055 66.77120 16.53038 hargrave 2016-03-01 18:02:03 
TT 375 292.4  13.9 287.3  19.4 8.65E-04 001.8 355.7  28.8 11.39033 38.39370 17.68658 hargrave 2016-03-07 18:01:10 
TT 400 291.2  13.2 286.3  18.4 8.36E-04 002.2 354.3  28.1 10.10793 47.53324 15.95142 hargrave 2016-03-08 13:56:08 
TT 425 290.9  12.4 286.3  17.5 8.20E-04 001.7 354.1  27.3 11.36999 33.45509 15.37879 hargrave 2016-03-14 11:13:19 
TT 450 292.5  11.5 288.2  17.1 8.01E-04 001.9 355.9  26.5 9.998392 39.48045 14.17832 hargrave 2016-03-14 19:14:43 
TT 475 291.6  10.7 287.5  16.1 7.75E-04 002.8 354.8  25.6 8.107459 57.58631 15.42458 hargrave 2016-03-15 14:56:41 
TT 500 290.9  09.9 287.1  15.2 7.43E-04 001.4 354.2  24.8 9.003193 22.88066 15.98427 hargrave 2016-03-25 13:41:36 
TT 515 290.0  09.3 286.4  14.3 6.90E-04 001.7 353.1  24.2 7.899165 27.49494 14.89437 hargrave 2016-03-27 13:03:57 
TT 530 289.8  08.5 286.4  13.5 5.86E-04 001.5 353.0  23.4 7.392384 20.56298 11.24057 hargrave 2016-03-28 09:59:42 
TT 540 288.4  07.2 285.5  11.8 4.51E-04 001.4 351.5  22.0 4.314819 14.11934 10.07718 hargrave 2016-03-28 19:21:44 
TT 550 290.5  07.1 287.6  12.3 2.73E-04 001.2 353.8  22.0 2.846859 7.089982 5.625293 hargrave 2016-03-29 16:23:46 
TT 560 289.6  08.1 286.4  13.0 1.34E-04 001.3 352.8  22.9 1.749881 3.489925 2.958933 hargrave 2016-03-30 13:39:56 
TT 570 289.4  07.9 286.2  12.8 6.00E-05 001.7 352.6  22.8 0.704061 2.072092 1.649282 hargrave 2016-04-04 15:16:40 
TT 575 293.9  06.2 291.2  12.5 4.80E-05 003.1 357.5  21.2 0.675187 3.790084 1.279122 hargrave 2016-04-05 12:40:10 
TT 580 284.4  04.5 282.4  08.1 4.50E-05 001.4 347.4  19.2 0.960129 0.849850 1.279592 hargrave 2016-04-05 20:18:56 
