SS21- 9a mag compass orientation (IGRF corrected)
   52.3  85.3  29.0  92.0  17.8  15.5
NRM    286.9  14.1 281.9  18.0 1.50E-03 004.7 282.2  22.7 185.2246 32.71519 33.33332 hargrave 2016-02-18 12:00:02 
LN2    287.4  08.2 284.3  12.5 1.34E-03 002.5 285.7  17.8 84.64514 23.22017 25.93668 hargrave 2016-02-21 13:00:18 
TT 100 286.2  08.4 283.0  12.3 1.34E-03 001.9 284.4  17.4 61.36155 18.15898 27.56851 hargrave 2016-02-22 20:19:26 
TT 200 285.1  07.7 282.2  11.3 1.33E-03 004.5 283.8  16.2 154.7783 36.99568 30.83162 hargrave 2016-02-23 20:00:59 
TT 300 286.8  06.5 284.2  10.7 1.31E-03 004.4 285.9  16.0 146.8725 39.37096 28.77628 hargrave 2016-02-27 18:12:09 
TT 325 287.3  06.6 284.6  10.9 1.30E-03 001.9 286.3  16.3 58.15664 12.31340 33.80342 hargrave 2016-02-29 19:43:23 
TT 350 286.8  06.2 284.3  10.4 1.29E-03 002.4 286.1  15.7 75.61021 22.05650 31.63442 hargrave 2016-03-01 18:08:45 
TT 375 286.7  06.7 284.0  10.8 1.27E-03 001.5 285.7  16.1 39.26697 9.812533 34.11250 hargrave 2016-03-07 18:11:09 
TT 400 286.5  06.2 284.0  10.3 1.23E-03 002.2 285.8  15.5 61.59439 17.13548 34.58943 hargrave 2016-03-08 14:04:34 
TT 425 286.5  05.9 284.0  10.0 1.20E-03 001.3 285.9  15.3 27.29284 14.96513 28.44637 hargrave 2016-03-14 11:21:58 
TT 450 286.9  05.5 284.6  09.8 1.16E-03 001.2 286.5  15.2 20.06728 13.13701 28.84207 hargrave 2016-03-14 19:21:23 
TT 475 285.6  06.2 283.1  10.0 1.10E-03 002.2 285.0  15.2 55.95087 13.33864 29.56119 hargrave 2016-03-15 15:02:34 
TT 500 286.2  05.7 283.8  09.7 1.02E-03 001.9 285.7  15.0 45.64846 14.01272 24.70722 hargrave 2016-03-25 13:47:29 
TT 515 286.6  05.2 284.3  09.4 9.44E-04 001.0 286.3  14.8 13.29057 9.460012 21.27862 hargrave 2016-03-27 13:09:58 
TT 530 285.9  05.1 283.7  09.1 8.12E-04 002.2 285.8  14.3 40.82452 17.15995 20.08506 hargrave 2016-03-28 10:05:37 
TT 540 285.1  05.5 282.9  09.2 6.39E-04 001.5 284.9  14.3 18.94351 7.429369 16.52488 hargrave 2016-03-28 19:28:34 
TT 550 286.3  05.0 284.2  09.1 4.32E-04 001.1 286.2  14.4 4.888683 5.276417 10.92414 hargrave 2016-03-29 16:31:26 
TT 560 285.6  05.3 283.4  09.2 2.04E-04 001.7 285.4  14.4 7.334391 3.459146 5.220521 hargrave 2016-03-30 13:46:39 
TT 570 285.9  06.7 283.3  10.6 5.81E-05 001.4 285.0  15.8 1.674488 1.202710 1.133576 hargrave 2016-04-04 15:22:34 
TT 575 282.8  03.7 281.2  06.8 5.19E-05 000.9 283.7  11.6 0.632893 0.502695 1.117128 hargrave 2016-04-05 12:46:54 
TT 580 284.8  03.6 283.1  07.3 4.62E-05 002.7 285.5  12.5 2.986570 1.222968 0.990111 hargrave 2016-04-05 20:25:42 
