SS21- 4a mag compass orientation (IGRF corrected)
   48.3 126.3  11.0  92.0  17.8  15.2
NRM    279.8  33.4 267.8  33.9 4.11E-04 003.4 237.8  28.0 28.17986 24.43333 6.620484 hargrave 2016-02-18 11:48:44 
LN2    287.4  18.6 280.8  22.4 3.19E-04 002.1 248.0  14.8 14.58163 8.507251 6.840038 hargrave 2016-02-21 12:50:25 
TT 100 286.3  17.0 280.3  20.5 3.14E-04 001.7 247.3  13.0 11.29711 5.696350 6.810970 hargrave 2016-02-22 20:06:21 
TT 200 284.7  12.7 280.2  16.0 2.92E-04 003.3 246.5  08.5 22.46075 10.26023 8.080796 hargrave 2016-02-23 19:52:41 
TT 300 284.2  10.9 280.2  14.1 2.79E-04 003.2 246.3  06.6 20.49440 9.825495 7.307287 hargrave 2016-02-27 18:04:39 
TT 325 286.1  09.5 282.6  13.4 2.71E-04 001.4 248.5  05.6 7.978047 2.788462 5.969951 hargrave 2016-02-29 19:32:46 
TT 350 286.6  09.4 283.1  13.4 2.65E-04 002.3 249.0  05.5 14.32259 5.145612 6.531265 hargrave 2016-03-01 18:00:28 
TT 375 285.1  08.6 281.9  12.2 2.62E-04 003.4 247.6  04.5 21.17961 8.875000 7.117714 hargrave 2016-03-07 17:58:44 
TT 400 285.3  08.6 282.1  12.2 2.43E-04 002.3 247.9  04.5 13.01383 4.316514 6.519635 hargrave 2016-03-08 13:54:33 
TT 425 283.3  08.4 280.2  11.4 2.17E-04 002.2 245.9  04.0 11.42381 4.433990 3.713954 hargrave 2016-03-14 11:11:44 
TT 450 285.1  10.0 281.5  13.5 1.75E-04 001.9 247.4  05.9 7.446088 2.804044 4.333720 hargrave 2016-03-14 19:13:08 
TT 475 284.9  09.3 281.5  12.8 1.43E-04 002.0 247.3  05.2 6.368425 2.119021 3.867473 hargrave 2016-03-15 14:55:06 
TT 500 285.8  12.1 281.5  15.7 8.99E-05 001.1 247.7  08.1 1.187426 0.846830 2.384486 hargrave 2016-03-25 13:40:01 
TT 515 286.3  12.9 281.6  16.7 5.56E-05 001.1 248.0  09.0 0.824712 0.575445 1.516075 hargrave 2016-03-27 13:02:22 
TT 530 274.9  18.7 268.8  18.7 3.08E-05 001.9 236.0  12.7 1.498020 0.466924 0.505809 hargrave 2016-03-28 09:58:07 
TT 540 289.8  25.6 280.6  29.7 1.29E-05 001.4 248.9  22.1 0.511341 0.420796 0.378206 hargrave 2016-03-28 19:20:09 
TT 550 255.4  25.8 248.4  19.6 8.93E-06 003.6 216.5  17.1 0.451575 0.640377 0.370755 hargrave 2016-03-29 16:22:10 
TT 560 313.2  04.7 310.7  16.2 7.26E-06 004.4 275.9  05.9 0.827436 0.153322 0.140011 hargrave 2016-03-30 13:38:22 
TT 570 210.3  34.2 206.4  18.2 4.21E-06 006.0 174.6  23.3 0.221727 0.574917 0.496239 hargrave 2016-04-04 15:15:04 
TT 575 220.9  09.3 220.5 -04.6 4.72E-06 004.4 184.6 -01.6 0.456215 0.508873 0.116923 hargrave 2016-04-05 12:38:35 
TT 580 268.6  20.7 262.2  18.7 5.24E-06 004.4 229.7  13.8 0.270789 0.497369 0.297540 hargrave 2016-04-05 20:17:21 
