SS21- 3a mag compass orientation (IGRF corrected)
   48.3  66.3   9.0  92.0  17.8  13.3
NRM    275.6  37.5 262.1  36.5 5.23E-04 004.7 292.6  41.5 55.22915 15.15364 8.185772 hargrave 2016-02-18 11:47:07 
LN2    280.9  31.5 269.6  32.5 4.05E-04 001.6 299.4  36.3 14.19388 6.220046 4.688494 hargrave 2016-02-21 12:47:56 
TT 100 279.8  29.7 269.4  30.5 3.83E-04 003.3 298.7  34.4 26.68693 11.39499 5.241912 hargrave 2016-02-22 20:04:44 
TT 200 277.9  19.9 271.3  20.7 3.28E-04 004.5 298.4  24.4 30.78590 15.40187 4.259635 hargrave 2016-02-23 19:51:02 
TT 300 277.3  15.6 272.2  16.4 3.03E-04 004.1 298.5  20.1 25.29146 13.44261 3.314032 hargrave 2016-02-27 18:03:00 
TT 325 278.6  12.8 274.3  14.2 2.92E-04 002.3 300.3  17.5 13.50072 7.196696 3.430805 hargrave 2016-02-29 19:31:09 
TT 350 279.8  11.8 275.8  13.6 2.81E-04 003.0 301.6  16.6 16.38235 10.12188 3.373369 hargrave 2016-03-01 17:58:48 
TT 375 277.0  10.5 273.5  11.6 2.86E-04 002.5 298.9  15.0 15.10419 6.689965 4.113710 hargrave 2016-03-07 17:57:06 
TT 400 278.6  10.4 275.1  11.9 2.57E-04 003.5 300.6  15.1 17.62008 10.61599 3.453927 hargrave 2016-03-08 13:52:54 
TT 425 279.1  09.6 275.8  11.3 2.34E-04 002.7 301.2  14.4 10.33998 9.565695 4.927609 hargrave 2016-03-14 11:10:05 
TT 450 279.1  10.7 275.4  12.4 1.92E-04 000.8 301.0  15.5 1.638882 2.273444 2.313457 hargrave 2016-03-14 19:11:29 
TT 475 278.8  09.6 275.5  11.2 1.59E-04 002.1 300.8  14.3 6.158913 4.321216 2.027621 hargrave 2016-03-15 14:52:35 
TT 500 282.0  12.4 277.7  14.8 1.10E-04 000.9 303.7  17.5 0.924270 1.721790 1.390797 hargrave 2016-03-25 13:38:18 
TT 515 282.6  14.0 277.7  16.6 8.16E-05 000.8 304.1  19.2 0.665366 1.004875 1.021528 hargrave 2016-03-27 13:00:43 
TT 530 281.1  14.9 276.0  17.0 4.95E-05 001.6 302.4  19.9 1.586824 1.289387 0.826466 hargrave 2016-03-28 09:56:28 
TT 540 289.1  12.2 284.6  16.8 2.66E-05 003.8 311.0  18.3 1.624037 1.649172 0.458191 hargrave 2016-03-28 19:18:30 
TT 550 278.1  31.3 267.1  31.5 1.32E-05 002.6 296.6  35.7 0.234887 0.546756 0.541341 hargrave 2016-03-29 16:20:31 
TT 560 302.7  25.6 293.6  33.5 8.13E-06 004.7 323.5  32.9 0.482242 0.421785 0.637582 hargrave 2016-03-30 13:36:43 
TT 570 230.9  42.9 221.6  30.1 5.47E-06 007.4 247.1  40.0 0.252759 0.799832 0.486578 hargrave 2016-04-04 15:13:25 
TT 575 049.2 -56.6 035.5 -42.9 2.75E-06 014.7 061.1 -53.1 0.131980 1.019265 0.169646 hargrave 2016-04-05 12:36:56 
TT 580 252.3  09.2 250.5  02.9 5.51E-06 007.0 274.5  10.1 0.219837 0.639601 0.765513 hargrave 2016-04-05 20:15:43 
